5917.46,4519.36,5691.41,5057.33,4970.46,6494.86,5943.66,4825.63,5746.95,4715.97,5266.6,5354.17,7781.18,6793.07,6595.67,5000.82,5487.36,5954.81,5448.28,5039.15,6716.83,6509.34,6136.39,6703.42,6233.52,5253.97,6367.26,8584.86,6976.51,5170.62,6484.05,5380.99,5785.3,5441.96,5688.77,6527.23,5434.39,6412.99,4841.28,5937.7,6142.81,5639.87,6108.97,6074.24,6352.31,5017.52,6297.03,5375.76,7114.93,6248.96,5130.75,6001.93,5559.03,5729.06,5594.56,6052.11,5382.49,4865.32,7120.65,5509.41,5540.41,5970.75,7007.37,5530.13,5446.34,5585.3,6155.18,4943.69

Num tuples: 0
Best score: 8584.86
Best index: 27
Best mask: fff0fff

9553.05,9388.04,9505.91,9854.53,10046.6,9584.29,9902.93,9181.04,9019.79,9968.03,9317.52,9780.88,9621.09,9492.49,9227.48,9560.71,10247.6,9204.48,9694.79,8539.24,9580.53,9766.08,9255,9966.1,10479.2,10747.7,9777.51,9571.58,9747.59,9548.75,9547.02,10609.6,10158.8,9200.1,9266.18,9482.96,9817.19,10508.1,8953.34,10014.6,9502.7,9683.16,9425.87,9887.9,10103.4,9690.58,10264.5,10229.5,10357.7,9774.61,9350.02,10372.2,10069,9515.27,9834.67,10298.8,10610.9,10335,9427.33,10864.7,9391.83,9773.01,10214.3,10527,8978.45,9958.89,10691

Num tuples: 1
Best score: 10864.7
Best index: 60
Best mask: ff00ff00ff0

11514.6,11305.9,11297.8,11544.7,11615,11558.2,11275,11575.5,11228.9,11763.2,11381.2,11761.3,11727.9,11388.9,11406.5,11862.7,11613.9,11460.2,11588,10705.6,11809.5,11769.1,11569.9,12023.9,11803.7,11776.9,11523.4,11474.7,11699.6,11468.3,11695.3,11989.3,11910.9,11251.1,11249.3,11198,11546,11565.2,11018.9,11357.6,11260.8,11467.8,11626.5,11649.3,11377.6,11400.7,11885.2,11517.9,11688.1,11521.1,11337.7,11678.7,11471.3,11567,11331.6,11700.2,11491.3,11759,11282.6,11326.7,11651,11555.8,11561.6,11179.2,11643.2,11762.9

Num tuples: 2
Best score: 12023.9
Best index: 23
Best mask: ffffff

12864.2,12929.1,12860.6,13003.9,13114.4,12974.5,12777.3,12517.3,12708.3,13151.3,12921,13189.9,13059,12762.5,12678.2,12898.8,13130.7,12523.5,13075.9,12516,13355.7,13200.3,12991.7,13309.8,13253.7,13115,12990.2,13044.5,13091,13179.6,13318.9,13297.3,12682.1,12728.1,12899.7,13273.5,12939.1,12408.2,12947.4,12859.7,13029.8,13240,13210.7,12914.8,13014,13337.8,13193.9,13191.6,13020.2,12928.5,13196.1,12976.8,13124.7,12894.9,13137.5,12979.1,13169.9,12905.8,13174.4,13246.3,12955.2,13038.9,12746.8,13117,13174.1

Num tuples: 3
Best score: 13355.7
Best index: 20
Best mask: ffff00ff

14138.6,13979.5,14029.8,14055.7,14261.1,14243.9,13917.2,13892.4,14051.1,14296.4,14440.4,14256,14261.8,13787.3,13880.1,14503.5,14132,13811.8,14461.5,13565.4,14259.4,14021.8,14478,14402.5,14106.9,13965.2,14108.4,14260.1,14228.6,14403.7,14390.6,13953.8,13745.7,14053.4,14353.7,14173.3,13793.5,14138.1,13953.2,14021.2,13925.8,14145,14040.5,14049.1,14339.4,14366,14413.7,14117.6,14173.4,14365,14124.2,14256.3,14076.4,14343.8,14258.7,14313.2,14076.9,14298.3,14216.4,14171,14139.6,13754.3,14010,14184

Num tuples: 4
Best score: 14503.5
Best index: 15
Best mask: f000fffff

15217,15097.8,15314.9,15673.5,15782.6,15497.9,15213.8,15432.5,15226.4,15736.2,15820.2,15635.8,15538.5,15220,15230.3,15433.8,15090.8,15737.9,15049.9,15418.4,15279.9,15737.5,15773,15457.2,15335.7,15520.1,15582.9,15306.5,15707.7,15703,15099.9,15128,15395.6,15607,15352.7,15051.8,15457.7,15610.3,15422.3,15360.2,15772.7,15373.2,15658.2,15724.6,15594.7,15788.5,15350.3,15598.7,15723.8,15636.2,15680.3,15423.6,15551.7,15336.4,15540.8,15583.8,15734.8,15609.7,15672.9,15673.5,15299.3,15475.6,15561.3

Num tuples: 5
Best score: 15820.2
Best index: 10
Best mask: f00fffff0

16265.1,16213,16538.2,16710.8,16985.7,16654.1,16234.3,16980.9,16312.1,16912.9,16935,16445.5,16372,16157.3,16629.3,16435.9,16940.4,16347.2,16729.6,16620.9,16824.9,16984.9,16700,16544.7,16828.4,16865.8,16507.3,16742.5,17085.6,16568,16258.2,16622.6,17017.1,16602.2,16218,16678.5,16626.4,16735.3,16549.4,16968.7,16698.4,16942.6,16965.5,16926.5,16810.8,16698.8,16593.6,16772.4,16706.5,16803.9,16572.4,16812,16868,16873.5,16664.7,16808.2,16678.3,17003.4,16855.9,16536.9,16794.8,16718.8

Num tuples: 6
Best score: 17085.6
Best index: 33
Best mask: f0ffff00f0

17525.7,17465.6,17637.1,17965,17909.5,17733.4,17609.4,18346.1,17790,17971.7,17838.1,17971.3,17752.6,17643.8,17742.9,17827.7,17951.7,17840.7,18089,17959.4,18154.4,18143.3,18001.9,17996.4,17824.2,18219.9,17796.1,17902.6,17831,17494,17864.4,18009.9,17727.9,17589.5,18026.6,18114,17839.6,18196.4,17745,17830.8,18109.4,17900.5,18182.9,18053.7,18098.4,18097.5,18156.3,17868.6,18083.5,17920.3,17523.9,17972.3,17989.6,17885.8,18285.6,17963.3,17822.3,17844.6,17977.6,17635.9,17746.8

Num tuples: 7
Best score: 18346.1
Best index: 7
Best mask: f00fffff

18920.2,19082.7,19319.8,19497.6,19731.3,19425,19276,19357.7,19562.1,19511.8,19492.5,19128.9,19058.3,19347.2,19523.6,19606.1,19084.6,19731.5,19631.4,19422.2,19532.7,19639.2,19478.8,19550.2,19673.9,19321.5,19276.5,19319,19119.2,19422.5,19807.3,19433.7,19115.6,19370.2,19605.1,19127.5,19133.4,19687.7,19432.1,19861.4,19587.6,19754.2,19638.6,19284.4,19579.3,19505.9,19469.9,19596.3,19244.1,19247,19409.5,19414.2,19566.1,19939.8,19482.3,19622,19457.5,19756.5,19202.9,19322.6

Num tuples: 8
Best score: 19939.8
Best index: 61
Best mask: f0fffff00

20378.7,20607.9,20796.7,21231.4,21219.5,20876.2,20821.9,20845.3,21078.5,20960,21043.2,20686.1,20485.3,20843.1,20972.5,20830.2,20930.7,21010.5,20427.8,21258.7,20940.7,21064,20985.4,21093.8,21214.2,20801.9,21190.7,21006.2,20821.7,20950.4,21282,20603.6,20702.2,21059.7,20848.5,20885.4,21292.8,21086.2,20661,21414.3,20946.3,21457.8,21025.7,21039.4,20729.6,20715.7,20994.2,21236.6,21094.1,21264.5,20792.2,20859.6,21081.8,21129.7,20994.8,20859.6,21227.3,20547.8,20497.3

Num tuples: 9
Best score: 21457.8
Best index: 48
Best mask: f00ff00fff

21763,22192.6,22125.2,22381.9,22623.6,22283.4,21982.2,22035.6,22209.6,22667.7,22177.7,22097.4,21913,22208.5,22468,22370.8,22340.8,21912.6,22354.6,22320.4,22020.1,22511.9,21679.5,22247.5,22107.6,21873,22366.2,21986.3,22027.6,22208.3,22402.4,22329.9,22117.1,22269.1,22406.3,22347.7,22042.1,22580.4,21992.5,22017.6,22563.5,21960.9,22485,21865.8,22389.5,21955.7,22649.7,21902.6,22665.1,22208,22176.1,22126.1,22359,22365.6,21916.4,22456.8,21917.3,22166

Num tuples: 10
Best score: 22245.8
Best index: 8
Best mask: f0f0f0fff

22570.7,22328.4,22807.3,23025.9,23121.8,23150.7,22904.3,23207.1,23441.7,23059.6,22899.8,23203.3,22845.8,22609.8,23282.6,22658.7,22996.6,22964.5,23137.7,22769.7,23181.2,22909,23074.8,22592.7,22739.7,23107.5,22655.9,22729.4,23162.4,23025.6,23276.4,23088.4,22653.5,22625.7,23198.1,23114.3,23083.5,23184.1,22706,22969.4,23037.6,23001.1,23057.2,23361.4,22840,22915.5,23571.2,23003.1,22500.8,22628.8,22733.6,22925.7,22789.8,22912.2,23333,22784.3,22838.6

Num tuples: 11
Best score: 23571.2
Best index: 54
Best mask: ffffff000

Tuple 0: fff0fff
Tuple 1: ff00ff00ff0
Tuple 2: ffffff
Tuple 3: ffffff0000
Tuple 4: ffffff0
Tuple 5: f000fffff
Tuple 6: f0ffff000f
Tuple 7: f0fffff00
Tuple 8: f00fffff
Tuple 9: ffff0f0f
Tuple 10: f0f0f0fff
Tuple 11: ffffff000


fff0fff
ff00ff00ff0
ffffff
ffffff0000
ffffff0
f000fffff
f0ffff000f
f0fffff00
f00fffff
ffff0f0f
f0f0f0fff
ffffff000




    ID & Tuple bitmask & Relative improvement
    A & $\overline{FFF0FFF}_{16} & 57.15% \\
    B & $\overline{FF00FF00FF0}_{16} & 89.49% \\
    C & $\overline{FFFFFF}_{16} & 74.50% \\
    D & $\overline{FFFFFF0000}_{16} & 35.47% \\
    E & $\overline{FFFFFF0}_{16} & 46.53% \\
    F & $\overline{F000FFFFF}_{16} & 34.02% \\
    G & $\overline{F0FFFF000F}_{16} & 46.49% \\
    H & $\overline{F0FFFFF00}_{16} & 54.59% \\
    I & $\overline{F00FFFFF}_{16} & 45.16% \\
    J & $\overline{FFFF0F0F}_{16} & 51.17% \\
    K & $\overline{F0F0F0FFF}_{16} & 106.72% \\
    L & $\overline{FFFFFF000}_{16} & 87.68% \\